CONSTANTS 3
ECO_UA =                     194151.82956138
EV_UA =                     141062.00262886
SH_UA =                     788870.19590253