CONSTANTS 3
ECO_UA =                     289085.85394029
EV_UA =                    1056891.73861231
SH_UA =                     248777.27744198